                -96.7013793764
         -0.000038354      -0.000000000      -0.000000000
         -0.000000000      -0.000127989      -0.000000000
         -0.000000000      -0.000000000      -0.000000038
          10
  1     6      -0.000000008       0.090268151      -0.000000000  C
  1     6      -0.000000009      -0.018337092      -0.000000000  C
  1     6      -0.000000009       0.018747906      -0.000000000  C
  1     6      -0.000000010      -0.090279750      -0.000000000  C
  1     6       0.000000005      -0.059393915      -0.000000000  C
  1     6       0.000000007       0.027741879       0.000000000  C
  1     6       0.000000009      -0.027815372       0.000000000  C
  1     6       0.000000007       0.059450648      -0.000000000  C
  2     1      -0.000000000      -0.087535663       0.000000000  H
  2     1       0.000000000       0.087579932       0.000000000  H
