                -96.7032565361
         -0.000040547      -0.000000000      -0.000000000
         -0.000000000      -0.000126512       0.000000000
          0.000000000      -0.000000000      -0.000000040
          10
  1     6      -0.000000008       0.089191214      -0.000000000  C
  1     6      -0.000000009      -0.016937478      -0.000000000  C
  1     6      -0.000000009       0.017348699       0.000000000  C
  1     6      -0.000000010      -0.089203751      -0.000000000  C
  1     6       0.000000006      -0.056450933      -0.000000000  C
  1     6       0.000000007       0.026172020       0.000000000  C
  1     6       0.000000009      -0.026243764       0.000000000  C
  1     6       0.000000008       0.056507112      -0.000000000  C
  2     1      -0.000000000      -0.087681374       0.000000000  H
  2     1       0.000000000       0.087725312       0.000000000  H
