    13
     1    0.000000    0.000000    0.000000       0.041667
     2    0.056328    0.000000    0.000000       0.083333
     3    0.112655    0.000000    0.000000       0.083333
     4    0.168983    0.000000    0.000000       0.083333
     5    0.225310    0.000000    0.000000       0.083333
     6    0.281638    0.000000    0.000000       0.083333
     7    0.337965    0.000000    0.000000       0.083333
     8    0.394293    0.000000    0.000000       0.083333
     9    0.450620    0.000000    0.000000       0.083333
    10    0.506948    0.000000    0.000000       0.083333
    11    0.563275    0.000000    0.000000       0.083333
    12    0.619603    0.000000    0.000000       0.083333
    13    0.675930    0.000000    0.000000       0.041667
