                -96.7028578723
         -0.000040269      -0.000000000      -0.000000000
         -0.000000000      -0.000126608       0.000000000
         -0.000000000      -0.000000000      -0.000000040
          10
  1     6      -0.000000008       0.089343419      -0.000000000  C
  1     6      -0.000000009      -0.017297104      -0.000000000  C
  1     6      -0.000000009       0.017708438      -0.000000000  C
  1     6      -0.000000010      -0.089355993      -0.000000000  C
  1     6       0.000000006      -0.056827572      -0.000000000  C
  1     6       0.000000007       0.026576407       0.000000000  C
  1     6       0.000000009      -0.026648034       0.000000000  C
  1     6       0.000000008       0.056883747      -0.000000000  C
  2     1      -0.000000000      -0.087673034       0.000000000  H
  2     1       0.000000000       0.087716981       0.000000000  H
