                -96.7142331814
         -0.000038018      -0.000000000      -0.000000000
         -0.000000000      -0.000122754       0.000000000
          0.000000000       0.000000000       0.000003068
          10
  1     6      -0.000000008       0.092933807      -0.000000000  C
  1     6      -0.000000009      -0.018028271       0.000000001  C
  1     6      -0.000000009       0.016810485       0.000000001  C
  1     6      -0.000000010      -0.086295705      -0.000000001  C
  1     6       0.000000005      -0.063775525      -0.000000001  C
  1     6       0.000000007       0.026613763       0.000000001  C
  1     6       0.000000009      -0.026450823       0.000000001  C
  1     6       0.000000008       0.051209778      -0.000000001  C
  2     1      -0.000000000      -0.085071436       0.000000000  H
  2     1       0.000000000       0.092469736       0.000000001  H
